 1.4576389000000001 2.30876094 0.15503997759999999
 2.3144963999999999 2.6781194500000001 0.18131380480000001
 1.3562827 0.20149671999999999 0.081267837699999998
 1.8232877999999999 -0.41919676 0.1188304099
 2.8722447999999998 1.2286117599999999 0.19303355620000001
 3.4067785000000002 2.3348016399999998 0.16993672409999999
 3.4862394000000001 1.2065749699999999 0.18119578459999999
 3.1432760000000002 2.4727226099999999 0.12890158669999999
 2.7796064999999999 1.37401759 0.2138028039
 3.0687782000000001 0.89396525999999998 0.17133627900000001
 3.1061112 1.9866446600000001 0.2010984499
 3.2512325999999998 2.1593868000000001 0.19911150329999999
 1.7667866999999999 0.64839009999999997 0.14128637220000001
 2.2487417999999999 0.58923420000000004 0.14998016080000001
 2.3770463999999998 1.7972387999999999 0.28103616669999998
 1.2257407 -1.6309378999999999 0.0042681276000000002
 0.56940690000000005 0.57103197999999999 0.0039927809999999999
 0.87511669999999997 1.29489272 0.1195367643
 2.6313818000000002 3.1642095800000001 0.16878965539999999
 1.3890104999999999 -0.46134786 0.0002754519
 4.0744246999999998 2.2815436500000001 0.15569052119999999
 4.6503182000000001 1.6754305 0.16239340269999999
 2.1488482000000002 1.4374808699999999 0.1501172023
 2.5941557999999998 0.45977224 0.21647094820000001
 2.5144725000000001 0.99412968999999995 0.15732335159999999
 4.3351373000000004 2.7637770700000002 0.13147464589999999
 2.4246322999999999 1.13874918 0.13817040489999999
 1.5666696 -0.48387088 0.087946650400000007
 1.5209847999999999 1.76678834 0.1067557276
 2.7906632 2.5339122299999999 0.12801638670000001
 2.2193242999999998 1.3067633700000001 0.13224290850000001
 2.0576517000000001 -0.02706952 0.069326603799999997
 1.6599573999999999 2.4786615300000001 0.1974366377
 1.6737689 0.93714246999999995 0.27819886789999998
 1.5337499000000001 0.093190949999999995 0.1154171354
 1.7349226 0.42245670000000002 0.20843710739999999
 3.1582370000000002 1.59897723 0.25568653660000001
 1.8483932000000001 1.2453492900000001 0.28628704109999997
 2.6057616000000001 0.48266165 0.1309878857
 0.5512823 0.45419888000000003 0.0017583217
 2.6391811000000001 2.0120896300000002 0.19688161409999999
 2.5800743000000002 1.2207503099999999 0.10795902960000001
 3.0958380000000001 2.0255404700000001 0.25142637759999997
 1.8853411 -0.1333105 0.1028132112
 0.97441820000000001 1.7243761399999999 0.12570093160000001